0, 1;
1, 1.;
2, 1.;
3, 1.;
4, 1.;
5, 1.;
6, 1.001;
7, 1.001;
8, 1.001;
9, 1.002;
10, 1.002;
11, 1.003;
12, 1.004;
13, 1.005;
14, 1.006;
15, 1.007;
16, 1.008;
17, 1.01;
18, 1.011;
19, CATS!!!!!!!!!!!!!!;
20, 1.016;
21, 1.018;
22, 1.02;
23, 1.023;
24, 1.026;
25, 1.03;
26, 1.033;
27, 1.037;
28, 1.041;
29, 1.046;
30, 1.051;
31, 1.056;
32, 1.062;
33, 1.068;
34, 1.074;
35, 1.081;
36, 1.088;
37, 1.096;
38, 1.104;
39, 1.112;
40, 1.122;
41, 1.131;
42, 1.142;
43, 1.152;
44, 1.164;
45, 1.176;
46, 1.189;
47, 1.202;
48, 1.217;
49, 1.232;
50, 1.247;
51, 1.264;
52, 1.282;
53, 1.3;
54, 1.319;
55, 1.34;
56, 1.361;
57, 1.384;
58, 1.408;
59, 1.433;
60, 1.46;
61, 1.488;
62, 1.517;
63, 1.548;
64, 1.58;
65, 1.615;
66, 1.651;
67, 1.689;
68, 1.729;
69, 1.771;
70, 1.816;
71, 1.863;
72, 1.912;
73, 1.965;
74, 2.02;
75, 2.078;
76, 2.14;
77, 2.205;
78, 2.274;
79, 2.347;
80, 2.424;
81, 2.506;
82, 2.593;
83, 2.685;
84, 2.783;
85, 2.886;
86, 2.996;
87, 3.113;
88, 3.237;
89, 3.37;
90, 3.511;
91, 3.661;
92, 3.821;
93, 3.991;
94, 4.174;
95, 4.368;
96, 4.577;
97, 4.799;
98, 5.038;
99, 5.294;
100, 5.568;
101, 5.862;
102, 6.178;
103, 6.518;
104, 6.884;
105, 7.278;
106, 7.703;
107, 8.161;
108, 8.656;
109, 9.19;
110, 9.769;
111, 10.395;
112, 11.074;
113, 11.811;
114, 12.611;
115, 13.481;
116, 14.428;
117, 15.459;
118, 16.583;
119, 17.811;
120, 19.152;
121, 20.619;
122, 22.225;
123, 23.987;
124, 25.92;
125, 28.043;
126, 30.379;
127, 32.952;
128, 35.788;
129, 38.918;
130, 42.377;
131, 46.204;
132, 50.443;
133, 55.144;
134, 60.364;
135, 66.168;
136, 72.629;
137, 79.829;
138, 87.865;
139, 96.844;
140, 106.89;
141, 118.145;
